2310101414
-5249783663
-12116886142
-15512759131
-12271043016
9277453106
-9896577327
9522500557
8044401688
1752635476
-4387586561
-407812520
-7407115217
20456767073
-8913661242
-9603583197
4084993192
-10775491657
19165944495
8535542243
16680730542
1193561302
-3416959473
5619567473
4062800535
2154526227
2093052134
471822586
-13539866212
5554095215
-7306654899
3347677551
14135464350
573557101
8150945819
6792636090
5720657437
11114202192
9159384867
2252495214
2440548130
3970819504
-442306925
-6782937286
-8619239436
-23611306050
-4910828339
49981584
-4789650700
23740099961
-9548610578
-6871247258
-3982996453
-4538305177
12208652575
2209434495
-6811723571
-14057672476
5580278882
-1991274322
5944624881
-3088666137
-4246292613
-5018586327
-4924743947
9610695371
