19732 15408 18582 17756 14985 14022 13945.0 19088 16758 
14235 15362 14899 14989 16361 15723 14362 19800 15819 13963 17204 17365 15755 19652 15335 13894 15694 14439 19916 
18335 16881 16949 13507 14795 18854 19514 18879 
19694 14396 16724 14287 15410 19381 13980 19994 15913 15721 15666 18678 17874 16076 18780 16771 18591 
17230 13465 13848 19887 14071 18557 13807 14971 14237.0 13503 18170 17189 
15878 16546 19851 19260 19372 19973 16060 14539 19403 14780 19412 19964 15187 19202 
14683 15811 14195 13963 14098 15691 16961 16534 17991 16872 19858 
17727 16777 16409 18580 13993 14908 19096 15850 14743 15542 18879 19888 17456 18795 17739 17251 16577 19646 19515 19749 15314 18824 19547 19181 18495 18447 16749 
14581 18965 19517 16620 19112 13571 15816 
15134 16283 18457 17391 16610 17070 14665 15751 14928 17162 15959 15257 18929 14423 14820 15931 16958.0 17985 17144 15041 19652 
18088 18390 19193 18639 14854 19053 13735 16315 14548 15242 13909 14391 18682 16089 18526 16610 14475 17795 17757 15950.5 14144 15000 19142 16570 13499 16712 
19402 15574 13731 18498 19788 13978 17892 14048 14761 13496 17186 14084 16064 14510 
17782 18350 19518 19819 16657 18504 19707 16856 18498 13802 19986 15933 17738.0 19543 13799.0 18836 17891 19675 
16532 17113 17130 19120 17772 16600 13929 18899 13494 15365 19366 19283.0 19200 16535 15812 14559 15874 17079 13854 19058 13748 18459 16366 
13918 19730 13755 19048 19455 14958 16918 15443 17969 16397 15522.0 14647 13867.0 16157 19180 15894 18871 15369 16269 18562 16195 14820 17404 19652 13940 15659 
16534 15255 17917 17005 17270 17226 17445 17934 15705 19834 16430 17085 19671 19728 16838 15192 16898 16602.0 16306 14534 
14514 19411 19735 13568.0 17213 19800 18007 18998 13675.5 17628 19001 17261 17029 18747 16314 14482 17755 17161 
15156 18245 18598 15892 16218 13657 15140.5 16624 13840 15875 18557 17976 15339 17962 
15349 18658 18356 17865 13581 13796 19756 14565.5 17820 14360 14098 17290 16509 17283 19124 18963 16536 16980 18826 19004 14014 19657 
14295 14715 15075 14241 14442 18301 13755 18672 17608 15118 14396.5 18174 13470 13702 14971 19159 18004.0 16849 16963 16841 15698 14445 18413 15455 15710 
17729 18541 18020 13778.0 13496 16356 15240 19464 16167 
14984 15298 18924 17021 19318 17798 18969 17942 13530.5 15949 13738 16303 18347 16794 16042 16100 
19057 14188 17636 13924 19679 18618 16932 19855 17841 14952 17977 17238.0 16499 13579 15966 19395 13861 
19078 19328 13859 19943 14529 13461 16506 14952 19859 18575 13972 15237 16838 19963 13621 16039 15924 19883 17145 18110 15049 16206.5 17364 13608 17094 
15736 14960 17733 17402 17027 16888 14393 14838 15214 19157 13836 19351 19085 19243 16185 18220 15587 18787 18893 15537 18728 16386 
15808 19257 17198 16389 19146 19230 15474.0 13674 16041 
19571 17606 16357 15563 13811 17906 14424.5 17894 18410 17309.5 16209 17614 18921 19748 17803 19832 
17308 19715 16448 17224 18290 19555 16756 16789 19674 18493 18477 19935 14045.0 16886 16234 17428 
18776 16071 13816 16657 18882 18602 15297 14756 13687 17603 14428 15041 16717 
16145 13961 18731 13867 14718 15090 17140 17573 14391 
13770 19078 18235 13835 18211 17347 18123 16200 16209 15013 13683 16684 19875 14177 19040 15646 16065 13610 
16826 18785 15861 16970 17726 14388 15106 15148 18429 15472 
18890 18061 14325 19033 19283 18261 17033 18158.5 19284 17207 13952 13461 14750 18654 18823.5 18993 
19807 15172 16227 16178 16568 17053 16849 19400 17436 14155 16950 
18974 17270 18854 13499 15787 14217 18462 13507 14122 14896 
17865 13970 13498 17096 14090 16082 19451 13842 18617 15979.0 18848 17885 13593 
19601 14174 14725 15723 19104 14397.5 19490 16941 18186 14391 15693 18569 15277 15650 
14340 14427 16462 19134 16089 18500 15901 16103 
19294 13549 19368 16612 13521 19296 15574.0 19304 14280 16194 17960 15013 13497 13512 16953 
17730 18275 19384 16254 19721 13593 16291 14390 13460 18578 14862 14777 17513 19735 15189.0 19842 19668 19096 
17988 16649 15578 15435 19243 14008 18465 15168 14059 18741 18187 
13648 19080 15722 13805 19687 13881 16779 13593 14930 15875 19168 19581 18747 16837.5 14928 15380 
16077 18244 17855 15866 14170 16757 19253 19282 18113 19350 19518 19691 15545 13986 14419.0 16914 14453 19972 
16535 15579 15186 17016 18163 19242 16341 
15761 16107 16964 19056 13996 16649 16132 13497.5 18229 14487 14821 15948 17516 14437 19807 15354 17038 15614 19356 16674 16489 17300 
13585 14402 14474 19859 14391 17151 13663.5 19553 17674.0 15795 13829 16399 17004 16396 18695 17671 
15485 13945 14047 17142 17603 17937 15050 18661 13907 15685 13963 13511 13855 14745 16890 19437 18228 
18440 17482 17227 16350 14973.0 18167 15489 14670 13822 18961 16718 19179 19822 18167 15880 15672 18356 16077 14939.5 19638 15757 
16723 19334 15406 14178 15005 18583 17548.5 16514 18301 14089 16658 16361.0 16064 17688 
18466 14391 15545 15780 14008 16346.5 18685 14754 18261 13689 19430 19392 19141 16602 18544 14196 16341 14213 15458 19818 14258 19028 
14673 14848 18762 16975 16132 19557 17969 18967 14401 17935 
19943 18894 14924 15107 16859 17911.0 18963 19338 16788 13770.0 16783 14563 15991 17148 19586 19456 15057 17096 
15251 16787 14002 16975 17591 15792 16140 16255 18113 19392 13601 16767 
17972 16032 13583 17970 18982 17126 18328 16419 13616 18618 13540 19571 14398 19574 17098 18043 16040 13773 17057 15517 18891 16074 
13747 14480 14213 19289 19456 19064 14626.0 16700 19256 16163 19203 18809 18608 19940 17086 17177 14350 15698 15883 18397 18598 19254 
17732 17975 15718 15579 15434 15382 19868 17049 13800 17344 13952 17046 15298 14771 19794 17134 16133 
19339 15228 16937 13830 14987 14635 19108 
15418 14415 17491 15489 15410 15489 15555 17125 17231 19168 14323 16262 15939 14516 19541 
14483 15294 18693 14491 15127 18057 18065 15252 17386 15599 14662 14424 15001 15844 
18212 16652 17350 13498 19810 17898 18306 13979 15213 17465 17712 15813 17153 19386 
14597 18256 18565 19466 19710 15975 17214 17156 17405 16657 
15065 18193 15292 18336 15394 13773 13852 15655 16881 14655 13521.0 19145 17512 
14791 14822 15559 16750 14291 15421 14868 19487 
16080 13476 18440 13602 13519 14432 16358 13951 19994 13677 19254 19855 
19231 14544 13901 16124 17397 19846 15985 19515 16907 14634 
17986 15381 15671 18370 19363 19141 
18166 17756 15601 14123 13531 17355 16618 14273.0 18548 13995 15918 14801.0 17701 18529 18059 
15240 13913 13779 19375 15320 15455 19596 18602 13841 16427 15699 16264 17054 18690 16176.0 13662 18169 15023 18675 14306 
18812 18241 15035 13797 14747 17014 13759.0 17054 15474 14928 16206 15233 13495 16022 15061 18645 17636 13651 16412 
18856 14906 16366 19670 16024 15781 18775 18304 15121 15986 
15584 17817 16107 15503 14161 19850 18397 18954 18508.5 18063 13942 16816 18243 16617.5 19840 15001 19268 16853 16903 15606 16818 17971 16241 
17693 17632 18811 17020 19828 16886 19341 15192 19277 14875 18490 14556 17431 16353 16589 19840 15194 15468 
13685 19197 16783 15114 17296 14639 15965 15830 
19843 17835 13822 14750 18956 13917 13489 17854 18891 19265 18063 17913 15778 15551 14556 15472 
16195 13877 16954 19530 13935 16406 19343 14738 
16126 19603 13643 16822 13598 15936 
14390 18355 15231 18744 19895 15819 14724 19225 19522 19358 16255 
14326 16747 16896 17894 14622 17273 19396 19728 19198 17181 14776 16536 13826 16628 19703 16999 13496.5 16694 17365 13572 
14443 16465 19341 17913 15466 18447 17715 17351 15581 15788 14943 17894 18663 14521 14428.5 17642 18789 16052 14722 13896 
16042 15945 19564 16050.0 15140 18393 14182.5 15989 15720.5 15452 18795 14158 16846 14178 13535 14816 17728 19190 18587 14318 17233 13533 19616 
18791 13813 17988 19626 18814 18175.5 17537 18901 18497 16165 19472 19358 
17499 16949 14396 18867 13847 16081 13968 15607 14132 16357 15838 16550 18159 19006 
18206 16741 19360 19945 13721 16855 16459.5 16064 17204 15462 17857 18436 15053 16909 18429 13985 14204 
18812 16665 18114 19980 16437 15207 13749 18329 18796 13931 14543.5 15156 16378 19799 18755 18925 14680 18881 17515 16228 17795 
19527 14196 18130 19763 17495 17404 15775 14508 18113 19668 19771 15217 18158 19314 14779 18728 16103 16487 13536 16253 16765 15726 15227 17378 15829 16616 14184 
14983 18809 16343 17899 18708 15543 14282 14064 16568.0 19072 14315 15058 13470 18025 16770 17324 15000 19031 14159 18825 16151 19818 18749 16332 16868 16536 16333 19723 
17767 18602 15182 17301 14990 13794 16106 16447 13808 19055 15761 16713 17800 17526 14343 18591 18361 14705 15032.5 15360 17774 14426 17738 
13721 19889 13992 19156 18230 17425 14870.5 14891 14332 16531 16929 19082 17734 
16684 17176 18608 17898 17458 19695 15332 16733 14093 13620 
14415 19551 16210 16385 16660 13573.0 19533 15548 
15307 18372 15454 19164 16211 15846 18052 16284 14862 15293.5 15725 18928 14050 14206 13704 15249 15708 17650 19837 16088 
16604 17132 16420 18817 15742 19392 17931 17214 14200 19105 16269 18915 17828 17244 19805 17907 15080 13474 14423 16158 
15445 16750 14651 13654 16386 18556 13914 19000 18119 
16486 13765 16119 18394 19308 17812 15200 19841 15511 14380 14984 13500 18980 14850 16684 17145 14182 17718 14277 17366 
16805 18177 19924 15962 16141 14022 18867 19491 17694 19673 14676 16906 
17372 13702 14888 17875 18704 17367 18590 15477 18215 14443 16364 14846 19968 14128 
15525 18305 13812 19805 18029 17387 15674 18595 19385 
17905 18568 16455 14942 19003 17114 17502.5 17891 16013 16150 17677 16775 13712 14035 18261 18773 17320 14924 19884 17645 19770 19657 17651 18017 
17320 18645 16829 13525 17135 16564 
